	=	f	l	n	p	x	{	}	$	C	H	P	Q	R	S
1	0	0	0	0	0	0	5	S-	S-	0	0	2	3	0	4
2	0	0	0	0	0	0	0	0	9999	0	0	0	0	0	0
3	0	0	0	0	0	0	5	S-	S-	0	0	0	3	0	6
4	0	0	0	0	0	0	0	0	P-S	0	0	0	0	0	0
5	7	0	8	0	9	0	0	0	0	0	0	0	0	0	0
6	0	0	0	0	0	0	0	S-QS	S-QS	0	0	0	0	0	0
7	0	0	0	0	0	10	0	0	0	0	0	0	0	0	0
8	0	0	0	0	0	11	0	0	0	0	0	0	0	0	0
9	0	0	0	14	0	15	16	0	0	0	0	0	0	13	0
10	0	0	0	14	0	15	16	0	0	12	0	0	0	17	0
11	0	0	0	0	0	0	5	S-	S-	0	0	0	3	0	18
12	0	0	0	R-C	0	R-C	R-C	R-C	0	0	0	0	0	0	0
13	0	0	0	14	0	15	16	H-	0	12	19	0	0	20	0
14	0	0	0	R-n	0	R-n	R-n	R-n	0	0	0	0	0	0	0
15	0	0	0	R-x	0	R-x	R-x	R-x	0	0	0	0	0	0	0
16	0	21	0	0	0	0	0	0	0	0	0	0	0	0	0
17	0	0	0	0	0	0	0	22	0	0	0	0	0	0	0
18	0	0	0	0	0	0	0	23	0	0	0	0	0	0	0
19	0	0	0	0	0	0	0	24	0	0	0	0	0	0	0
20	0	0	0	14	0	15	16	H-	0	12	25	0	0	20	0
21	0	0	0	14	0	15	16	0	0	12	0	0	0	26	0
22	0	0	0	0	0	0	Q-{=xR}	Q-{=xR}	Q-{=xR}	0	0	0	0	0	0
23	0	0	0	0	0	0	Q-{lxS}	Q-{lxS}	Q-{lxS}	0	0	0	0	0	0
24	0	0	0	0	0	0	Q-{pRH}	Q-{pRH}	Q-{pRH}	0	0	0	0	0	0
25	0	0	0	0	0	0	0	H-RH	0	0	0	0	0	0	0
26	0	0	0	14	0	15	16	0	0	12	0	0	0	27	0
27	0	0	0	0	0	0	0	28	0	0	0	0	0	0	0
28	0	0	0	C-{fRR}	0	C-{fRR}	C-{fRR}	C-{fRR}	0	0	0	0	0	0	0
